{
  "optimal_clusters": {
    "by_silhouette": 2,
    "by_elbow": 4,
    "by_bic": 6,
    "by_aic": 7,
    "recommended": 2
  },
  "clustering_results": {
    "kmeans": {
      "labels": [
        1,
        0,
        0,
        1,
        0,
        0,
        0,
        1,
        1,
        0,
        0,
        1,
        1,
        0,
        0,
        0,
        1,
        0,
        1,
        1,
        0,
        0,
        0,
        0,
        0,
        0,
        0,
        1,
        1,
        0,
        0,
        0,
        0,
        1,
        0,
        0,
        0,
        0,
        1,
        0,
        0,
        0,
        0,
        0,
        0,
        0,
        0,
        0,
        0,
        1,
        0,
        1,
        1,
        0,
        0,
        1,
        0,
        1,
        1,
        0,
        0,
        0,
        1,
        1
      ],
      "centers": [
        [
          0.4844675705553256,
          0.1523851494574043,
          0.3086225594402438,
          0.5013465791787183,
          0.5129898416651061,
          0.37113605860448823,
          0.2641407128698025,
          0.5711979883813798,
          0.5099695979424299,
          0.5034189798317825,
          0.12234449459672544,
          0.5638869174350792,
          0.4269082947807071,
          0.32560326046504623,
          -0.03579263897602053,
          0.38725833734725984,
          0.0,
          0.5288038143882631,
          0.4268159359427432,
          1.1102230246251565e-16,
          -0.326484313068711,
          0.41199426333085776,
          1.1102230246251565e-16,
          -0.3368792755910339,
          0.2903298992088403,
          1.1102230246251565e-16,
          -0.5280811827601962,
          0.10830451179101871
        ],
        [
          -0.9920050254228117,
          -0.3120267346032515,
          -0.6319414312347852,
          -1.0265668049849905,
          -1.05040777102855,
          -0.7599452628568071,
          -0.540859554923881,
          -1.1695958809713987,
          -1.044223462453546,
          -1.0308102920365014,
          -0.25051491750758065,
          -1.1546255928432583,
          -0.874145555979544,
          -0.6667114380950939,
          0.07328968933185184,
          -0.7929575479015312,
          0.0,
          -1.0827887627950146,
          -0.8739564402637022,
          1.1102230246251565e-16,
          0.6685154981883122,
          -0.8436073011060411,
          1.1102230246251565e-16,
          0.6898004214483082,
          -0.5944850317133396,
          1.1102230246251565e-16,
          1.0813090885089711,
          -0.2217663812863717
        ]
      ],
      "inertia": 1023.0882363484454,
      "silhouette": 0.29258160875984435,
      "calinski": 31.082880456036914,
      "davies": 1.2058058901702615
    },
    "agglomerative": {
      "labels": [
        1,
        0,
        0,
        1,
        0,
        0,
        0,
        1,
        1,
        0,
        0,
        1,
        1,
        0,
        0,
        0,
        1,
        0,
        1,
        1,
        0,
        0,
        0,
        0,
        0,
        0,
        0,
        1,
        1,
        0,
        0,
        0,
        0,
        1,
        1,
        0,
        0,
        0,
        1,
        0,
        0,
        1,
        1,
        0,
        0,
        1,
        0,
        0,
        0,
        1,
        0,
        1,
        1,
        0,
        0,
        1,
        1,
        1,
        1,
        1,
        0,
        0,
        1,
        1
      ],
      "silhouette": 0.281039002850773,
      "calinski": 30.861916234676528,
      "davies": 1.2769695318647591
    },
    "dbscan": {
      "labels": [
        -1,
        -1,
        -1,
        -1,
        -1,
        -1,
        -1,
        -1,
        -1,
        -1,
        -1,
        -1,
        -1,
        -1,
        -1,
        -1,
        -1,
        -1,
        -1,
        -1,
        -1,
        -1,
        -1,
        -1,
        -1,
        -1,
        -1,
        -1,
        -1,
        -1,
        -1,
        -1,
        -1,
        -1,
        -1,
        -1,
        -1,
        -1,
        -1,
        -1,
        -1,
        -1,
        -1,
        -1,
        -1,
        -1,
        -1,
        -1,
        -1,
        -1,
        -1,
        -1,
        -1,
        -1,
        -1,
        -1,
        -1,
        -1,
        -1,
        -1,
        -1,
        -1,
        -1,
        -1
      ],
      "n_clusters_found": 0
    },
    "gmm": {
      "labels": [
        1,
        0,
        0,
        1,
        0,
        0,
        0,
        1,
        1,
        0,
        0,
        1,
        1,
        0,
        0,
        0,
        1,
        0,
        1,
        1,
        0,
        0,
        0,
        0,
        0,
        0,
        0,
        1,
        1,
        0,
        0,
        0,
        0,
        1,
        0,
        0,
        0,
        0,
        1,
        0,
        0,
        0,
        0,
        0,
        0,
        0,
        0,
        0,
        0,
        1,
        0,
        1,
        1,
        0,
        0,
        1,
        0,
        1,
        1,
        0,
        0,
        0,
        1,
        1
      ],
      "means": [
        [
          0.48446757055532547,
          0.15238514945740433,
          0.3086225594402438,
          0.5013465791787185,
          0.5129898416651062,
          0.3711360586044882,
          0.26414071286980256,
          0.5711979883813797,
          0.5099695979424301,
          0.5034189798317826,
          0.12234449459672544,
          0.5638869174350791,
          0.4269082947807069,
          0.3256032604650463,
          -0.035792638976020516,
          0.3872583373472599,
          0.0,
          0.5288038143882631,
          0.4268159359427432,
          1.1102230246251565e-16,
          -0.32648431306871095,
          0.4119942633308576,
          1.1102230246251565e-16,
          -0.3368792755910339,
          0.29032989920884017,
          1.1102230246251565e-16,
          -0.5280811827601964,
          0.10830451179101865
        ],
        [
          -0.9920050254228117,
          -0.3120267346032514,
          -0.6319414312347851,
          -1.0265668049849903,
          -1.0504077710285498,
          -0.7599452628568072,
          -0.5408595549238806,
          -1.1695958809713982,
          -1.0442234624535458,
          -1.0308102920365012,
          -0.25051491750758065,
          -1.154625592843258,
          -0.8741455559795438,
          -0.6667114380950938,
          0.0732896893318518,
          -0.7929575479015313,
          0.0,
          -1.0827887627950143,
          -0.873956440263702,
          1.1102230246251563e-16,
          0.6685154981883122,
          -0.8436073011060411,
          1.1102230246251563e-16,
          0.689800421448308,
          -0.5944850317133397,
          1.1102230246251563e-16,
          1.081309088508971,
          -0.22176638128637183
        ]
      ],
      "covariances": [
        [
          [
            0.5173223558758573,
            -0.39577726553921283,
            0.7115431102711303,
            0.1816427144444313,
            0.42343961723976736,
            -0.18468083540690478,
            0.565810159318756,
            0.18813299696380498,
            0.3492018875160342,
            0.07533647991346314,
            0.41300762526069623,
            0.2374179851295998,
            0.057166797813399776,
            -0.11696655769727136,
            -0.3000676987416235,
            -0.03306131212214873,
            0.0,
            0.45513578357050255,
            -0.17023860826103504,
            0.0,
            0.07358948222559926,
            0.5569412750567574,
            0.0,
            -0.01171689220176769,
            0.5696958745788586,
            0.0,
            -0.3218107938344808,
            0.3629319219385083
          ],
          [
            -0.39577726553921283,
            0.6902757335719724,
            -0.7552084509884566,
            0.008892506117590624,
            -0.37555096574585584,
            0.41947170624248065,
            -0.7448554396957558,
            -0.04827471711891883,
            -0.2620286677158412,
            0.015760274652847326,
            -0.6196132366749476,
            -0.11829034761196187,
            -0.21185791809567608,
            0.017452807088278965,
            0.2012984908823958,
            -0.09266137710139921,
            0.0,
            -0.36476771954444737,
            0.3699974920698461,
            0.0,
            0.20901609439800148,
            -0.3715783987983249,
            0.0,
            0.14111711569966848,
            -0.4149283648474494,
            0.0,
            0.24878640321845114,
            -0.5700507679537816
          ],
          [
            0.7115431102711303,
            -0.7552084509884566,
            1.1287611397902464,
            0.17351101707803995,
            0.5946135856883581,
            -0.4165739836927718,
            0.9635116087637606,
            0.19177584509985557,
            0.45151087074824336,
            0.037376050419951,
            0.7381254966671404,
            0.26367171259752586,
            0.1488009415862779,
            -0.14172636298313082,
            -0.40374607691624326,
            0.0010950033635013716,
            0.0,
            0.6206837189548554,
            -0.3797553756681482,
            0.0,
            0.005104344362169072,
            0.6984288240672903,
            0.0,
            -0.06853496185068621,
            0.7942283747419084,
            0.0,
            -0.42692634674760904,
            0.6601511471439333
          ],
          [
            0.1816427144444313,
            0.008892506117590624,
            0.17351101707803995,
            0.14089817637876537,
            0.12492587057058782,
            0.03428385349717769,
            0.09385569943843296,
            0.10404612519399634,
            0.1275178889510864,
            0.057864857578453915,
            0.04408816035838753,
            0.11260596748366761,
            -0.0631159333877298,
            -0.0913576575663277,
            -0.15489909059201612,
            -0.07187490172965162,
            0.0,
            0.15303488959135064,
            0.03494389647890044,
            0.0,
            0.1333873313304986,
            0.2212974547120405,
            0.0,
            0.05925583808740043,
            0.20073807110364994,
            0.0,
            -0.11429661409461002,
            0.030299322151154884
          ],
          [
            0.42343961723976736,
            -0.37555096574585584,
            0.5946135856883581,
            0.12492587057058782,
            0.5269197323475369,
            -0.24973951600775707,
            0.7197230418793833,
            0.22072608522878825,
            0.44446951285456887,
            0.08283796669371939,
            0.6026665402796142,
            0.28901110117790607,
            0.08862634245469196,
            -0.09806703528260634,
            -0.30262845326808874,
            -0.01656735436524211,
            0.0,
            0.489603710108733,
            -0.17314943052710985,
            0.0,
            0.005875236840667351,
            0.41035456038211743,
            0.0,
            0.019186436178094325,
            0.6418119937653362,
            0.0,
            -0.43950751198462273,
            0.5668108793621097
          ],
          [
            -0.18468083540690478,
            0.41947170624248065,
            -0.4165739836927718,
            0.03428385349717769,
            -0.24973951600775707,
            0.384667736795175,
            -0.5857152791713955,
            0.02307311168860101,
            -0.11251807582923244,
            0.10305640624962516,
            -0.46439788646114677,
            0.016527285773143437,
            -0.1289622977324406,
            0.0517177938817377,
            0.16613826494365644,
            -0.03471775955104793,
            0.0,
            -0.19334155943115058,
            0.3161726620716909,
            0.0,
            0.1621293742665192,
            -0.153538430621135,
            0.0,
            0.167790266197063,
            -0.2295718287842544,
            0.0,
            0.16709794763616298,
            -0.4454111940184523
          ],
          [
            0.565810159318756,
            -0.7448554396957558,
            0.9635116087637606,
            0.09385569943843296,
            0.7197230418793833,
            -0.5857152791713955,
            1.2567675278008306,
            0.19049375645507977,
            0.5558839078664773,
            0.01644722819440167,
            1.0627205678013916,
            0.29174336788693667,
            0.18654836515349027,
            -0.1339063100855096,
            -0.4554712473912307,
            0.02020753039312952,
            0.0,
            0.6470190606317144,
            -0.4247647539466634,
            0.0,
            -0.10104691615335723,
            0.5003673716106216,
            0.0,
            -0.03695317352225489,
            0.8280092600528699,
            0.0,
            -0.580109873669531,
            1.0099848202208352
          ],
          [
            0.18813299696380498,
            -0.04827471711891883,
            0.19177584509985557,
            0.10404612519399634,
            0.22072608522878825,
            0.02307311168860101,
            0.19049375645507977,
            0.16598064082894481,
            0.23752485106712246,
            0.11871160299293991,
            0.15931094574900037,
            0.2128445620339642,
            -0.02683911925967097,
            -0.06072521218171834,
            -0.13499261902707219,
            -0.05010086852471117,
            0.0,
            0.22620867947860634,
            0.0476835525545389,
            0.0,
            0.06616284713255208,
            0.19582997786886783,
            0.0,
            0.08545309038778462,
            0.31013676598021017,
            0.0,
            -0.19988612325467017,
            0.145143376837581
          ],
          [
            0.3492018875160342,
            -0.2620286677158412,
            0.45151087074824336,
            0.1275178889510864,
            0.44446951285456887,
            -0.11251807582923244,
            0.5558839078664773,
            0.23752485106712246,
            0.6085597813323559,
            0.2946108833169578,
            0.5692836752372757,
            0.48442735937511405,
            0.16270425792555412,
            0.08675174375766101,
            -0.3039090369812633,
            0.1360963202622873,
            0.0,
            0.4883909961492668,
            0.06286422213836801,
            0.0,
            0.06461071517049635,
            0.36110546450692455,
            0.0,
            0.17240087194042283,
            0.5774829185317346,
            0.0,
            -0.48191773709087943,
            0.5343357373647895
          ],
          [
            0.07533647991346314,
            0.015760274652847326,
            0.037376050419951,
            0.057864857578453915,
            0.08283796669371939,
            0.10305640624962516,
            0.01644722819440167,
            0.11871160299293991,
            0.2946108833169578,
            0.3292568410547624,
            -0.027220823493969648,
            0.328052231662719,
            0.05215780366000762,
            0.11085370351123447,
            -0.06901778850340577,
            0.09138198520678398,
            0.0,
            0.1554737088996749,
            0.23858019077516246,
            0.0,
            0.027595812939162107,
            0.12595189413387164,
            0.0,
            0.10299647441770923,
            0.20399361551754044,
            0.0,
            -0.16483774492861833,
            -0.04249905574596739
          ],
          [
            0.41300762526069623,
            -0.6196132366749476,
            0.7381254966671404,
            0.04408816035838753,
            0.6026665402796142,
            -0.46439788646114677,
            1.0627205678013916,
            0.15931094574900037,
            0.5692836752372757,
            -0.027220823493969648,
            1.442755796693722,
            0.2782079400101901,
            0.17723652284754648,
            -0.020116452103366267,
            -0.4090583556175232,
            0.0923839507759106,
            0.0,
            0.5544824184564345,
            -0.33575723896968906,
            0.0,
            -0.0002647549166911703,
            0.2821854678348105,
            0.0,
            0.3023894405512545,
            0.5114149777213921,
            0.0,
            -0.5203342388076132,
            1.436680772762602
          ],
          [
            0.2374179851295998,
            -0.11829034761196187,
            0.26367171259752586,
            0.11260596748366761,
            0.28901110117790607,
            0.016527285773143437,
            0.29174336788693667,
            0.2128445620339642,
            0.48442735937511405,
            0.328052231662719,
            0.2782079400101901,
            0.4525881204202563,
            0.08630708747570719,
            0.0841855236473523,
            -0.19944258348971847,
            0.09289685327565442,
            0.0,
            0.351066639251369,
            0.16672860257201041,
            0.0,
            0.054546398236759885,
            0.2610098331333845,
            0.0,
            0.15163378264811286,
            0.4186631018370216,
            0.0,
            -0.3398889124010237,
            0.25154660814178154
          ],
          [
            0.057166797813399776,
            -0.21185791809567608,
            0.1488009415862779,
            -0.0631159333877298,
            0.08862634245469196,
            -0.1289622977324406,
            0.18654836515349027,
            -0.02683911925967097,
            0.16270425792555412,
            0.05215780366000762,
            0.17723652284754648,
            0.08630708747570719,
            0.6551365135650512,
            0.5870282469956706,
            0.3078757521162692,
            0.6282571360043492,
            0.0,
            0.1067140524137808,
            -0.0763624192892186,
            0.0,
            -0.052930093766762575,
            -0.012455843473155025,
            0.0,
            -0.024739620426400828,
            0.11709428783205454,
            0.0,
            -0.16106743094873455,
            0.14625564435463229
          ],
          [
            -0.11696655769727136,
            0.017452807088278965,
            -0.14172636298313082,
            -0.0913576575663277,
            -0.09806703528260634,
            0.0517177938817377,
            -0.1339063100855096,
            -0.06072521218171834,
            0.08675174375766101,
            0.11085370351123447,
            -0.020116452103366267,
            0.0841855236473523,
            0.5870282469956706,
            0.6906819844370287,
            0.4713768269320881,
            0.6573672787263475,
            0.0,
            -0.04819797352187291,
            0.10633290741994436,
            0.0,
            0.024902740806253175,
            -0.20135247725641744,
            0.0,
            0.10104606838321804,
            -0.11608144563936286,
            0.0,
            -0.0281295530276401,
            -0.0295040641380248
          ],
          [
            -0.3000676987416235,
            0.2012984908823958,
            -0.40374607691624326,
            -0.15489909059201612,
            -0.30262845326808874,
            0.16613826494365644,
            -0.4554712473912307,
            -0.13499261902707219,
            -0.3039090369812633,
            -0.06901778850340577,
            -0.4090583556175232,
            -0.19944258348971847,
            0.3078757521162692,
            0.4713768269320881,
            0.916820455722149,
            0.36294690837133725,
            0.0,
            -0.31816965596530633,
            0.060717393036904016,
            0.0,
            0.0737922902889216,
            -0.5005721190857962,
            0.0,
            0.04276853514544913,
            -0.3937365707738522,
            0.0,
            0.2609571208644434,
            -0.39339849924089365
          ],
          [
            -0.03306131212214873,
            -0.09266137710139921,
            0.0010950033635013716,
            -0.07187490172965162,
            -0.01656735436524211,
            -0.03471775955104793,
            0.02020753039312952,
            -0.05010086852471117,
            0.1360963202622873,
            0.09138198520678398,
            0.0923839507759106,
            0.09289685327565442,
            0.6282571360043492,
            0.6573672787263475,
            0.36294690837133725,
            0.6662300427555021,
            0.0,
            0.027720525919180946,
            0.029265076719736396,
            0.0,
            -0.014558158471625438,
            -0.08828755203134908,
            0.0,
            0.05601308692301288,
            -0.012772542945039241,
            0.0,
            -0.09575356290045602,
            0.07369298552238654
          ],
          [
            0.0,
            0.0,
            0.0,
            0.0,
            0.0,
            0.0,
            0.0,
            0.0,
            0.0,
            0.0,
            0.0,
            0.0,
            0.0,
            0.0,
            0.0,
            0.0,
            1e-06,
            0.0,
            0.0,
            0.0,
            0.0,
            0.0,
            0.0,
            0.0,
            0.0,
            0.0,
            0.0,
            0.0
          ],
          [
            0.45513578357050255,
            -0.36476771954444737,
            0.6206837189548554,
            0.15303488959135064,
            0.489603710108733,
            -0.19334155943115058,
            0.6470190606317144,
            0.22620867947860634,
            0.4883909961492668,
            0.1554737088996749,
            0.5544824184564345,
            0.351066639251369,
            0.1067140524137808,
            -0.04819797352187291,
            -0.31816965596530633,
            0.027720525919180946,
            0.0,
            0.5026233204237053,
            -0.10217520824613109,
            0.0,
            0.05048625204101085,
            0.4688908742253042,
            0.0,
            0.06031615574417517,
            0.628061402256152,
            0.0,
            -0.43423429126529806,
            0.5118608918490513
          ],
          [
            -0.17023860826103504,
            0.3699974920698461,
            -0.3797553756681482,
            0.03494389647890044,
            -0.17314943052710985,
            0.3161726620716909,
            -0.4247647539466634,
            0.0476835525545389,
            0.06286422213836801,
            0.23858019077516246,
            -0.33575723896968906,
            0.16672860257201041,
            -0.0763624192892186,
            0.10633290741994436,
            0.060717393036904016,
            0.029265076719736396,
            0.0,
            -0.10217520824613109,
            0.3809554421924589,
            0.0,
            0.13284899995159577,
            -0.11541097097547443,
            0.0,
            0.17910712926892552,
            -0.11270238551646168,
            0.0,
            0.04277580170624274,
            -0.3179865650978569
          ],
          [
            0.0,
            0.0,
            0.0,
            0.0,
            0.0,
            0.0,
            0.0,
            0.0,
            0.0,
            0.0,
            0.0,
            0.0,
            0.0,
            0.0,
            0.0,
            0.0,
            0.0,
            0.0,
            0.0,
            1e-06,
            0.0,
            0.0,
            0.0,
            0.0,
            0.0,
            0.0,
            0.0,
            0.0
          ],
          [
            0.07358948222559926,
            0.20901609439800148,
            0.005104344362169072,
            0.1333873313304986,
            0.005875236840667351,
            0.1621293742665192,
            -0.10104691615335723,
            0.06616284713255208,
            0.06461071517049635,
            0.027595812939162107,
            -0.0002647549166911703,
            0.054546398236759885,
            -0.052930093766762575,
            0.024902740806253175,
            0.0737922902889216,
            -0.014558158471625438,
            0.0,
            0.05048625204101085,
            0.13284899995159577,
            0.0,
            0.5346804906885222,
            -0.11908515036905311,
            0.0,
            0.28892625136440797,
            0.06017528124044723,
            0.0,
            -0.03634963876402222,
            -0.02577012620512155
          ],
          [
            0.5569412750567574,
            -0.3715783987983249,
            0.6984288240672903,
            0.2212974547120405,
            0.41035456038211743,
            -0.153538430621135,
            0.5003673716106216,
            0.19582997786886783,
            0.36110546450692455,
            0.12595189413387164,
            0.2821854678348105,
            0.2610098331333845,
            -0.012455843473155025,
            -0.20135247725641744,
            -0.5005721190857962,
            -0.08828755203134908,
            0.0,
            0.4688908742253042,
            -0.11541097097547443,
            0.0,
            -0.11908515036905311,
            0.9665477155858132,
            0.0,
            -0.10588955878457701,
            0.5714260278693405,
            0.0,
            -0.3143576226852289,
            0.24980248951216277
          ],
          [
            0.0,
            0.0,
            0.0,
            0.0,
            0.0,
            0.0,
            0.0,
            0.0,
            0.0,
            0.0,
            0.0,
            0.0,
            0.0,
            0.0,
            0.0,
            0.0,
            0.0,
            0.0,
            0.0,
            0.0,
            0.0,
            0.0,
            1e-06,
            0.0,
            0.0,
            0.0,
            0.0,
            0.0
          ],
          [
            -0.01171689220176769,
            0.14111711569966848,
            -0.06853496185068621,
            0.05925583808740043,
            0.019186436178094325,
            0.167790266197063,
            -0.03695317352225489,
            0.08545309038778462,
            0.17240087194042283,
            0.10299647441770923,
            0.3023894405512545,
            0.15163378264811286,
            -0.024739620426400828,
            0.10104606838321804,
            0.04276853514544913,
            0.05601308692301288,
            0.0,
            0.06031615574417517,
            0.17910712926892552,
            0.0,
            0.28892625136440797,
            -0.10588955878457701,
            0.0,
            0.5148901418348387,
            0.020620005127416494,
            0.0,
            -0.08367265202189504,
            0.31470248726466055
          ],
          [
            0.5696958745788586,
            -0.4149283648474494,
            0.7942283747419084,
            0.20073807110364994,
            0.6418119937653362,
            -0.2295718287842544,
            0.8280092600528699,
            0.31013676598021017,
            0.5774829185317346,
            0.20399361551754044,
            0.5114149777213921,
            0.4186631018370216,
            0.11709428783205454,
            -0.11608144563936286,
            -0.3937365707738522,
            -0.012772542945039241,
            0.0,
            0.628061402256152,
            -0.11270238551646168,
            0.0,
            0.06017528124044723,
            0.5714260278693405,
            0.0,
            0.020620005127416494,
            1.2300778308823725,
            0.0,
            -0.5501954635108758,
            0.45272612933914996
          ],
          [
            0.0,
            0.0,
            0.0,
            0.0,
            0.0,
            0.0,
            0.0,
            0.0,
            0.0,
            0.0,
            0.0,
            0.0,
            0.0,
            0.0,
            0.0,
            0.0,
            0.0,
            0.0,
            0.0,
            0.0,
            0.0,
            0.0,
            0.0,
            0.0,
            0.0,
            1e-06,
            0.0,
            0.0
          ],
          [
            -0.3218107938344808,
            0.24878640321845114,
            -0.42692634674760904,
            -0.11429661409461002,
            -0.43950751198462273,
            0.16709794763616298,
            -0.580109873669531,
            -0.19988612325467017,
            -0.48191773709087943,
            -0.16483774492861833,
            -0.5203342388076132,
            -0.3398889124010237,
            -0.16106743094873455,
            -0.0281295530276401,
            0.2609571208644434,
            -0.09575356290045602,
            0.0,
            -0.43423429126529806,
            0.04277580170624274,
            0.0,
            -0.03634963876402222,
            -0.3143576226852289,
            0.0,
            -0.08367265202189504,
            -0.5501954635108758,
            0.0,
            0.4668237005114758,
            -0.4894710289014111
          ],
          [
            0.3629319219385083,
            -0.5700507679537816,
            0.6601511471439333,
            0.030299322151154884,
            0.5668108793621097,
            -0.4454111940184523,
            1.0099848202208352,
            0.145143376837581,
            0.5343357373647895,
            -0.04249905574596739,
            1.436680772762602,
            0.25154660814178154,
            0.14625564435463229,
            -0.0295040641380248,
            -0.39339849924089365,
            0.07369298552238654,
            0.0,
            0.5118608918490513,
            -0.3179865650978569,
            0.0,
            -0.02577012620512155,
            0.24980248951216277,
            0.0,
            0.31470248726466055,
            0.45272612933914996,
            0.0,
            -0.4894710289014111,
            1.4526249260920812
          ]
        ],
        [
          [
            0.5236747504781554,
            0.5330969315275759,
            0.14997134759563144,
            0.733606295044738,
            0.31429713286104827,
            0.534344244187481,
            0.03044348511336502,
            0.4290017934583529,
            0.09098098770589473,
            0.1936944504064094,
            0.0,
            0.056108510195045806,
            0.2324968996725306,
            0.05494443968844042,
            0.017023598410003234,
            0.1332469356361444,
            0.0,
            0.3322317793705956,
            0.38296726372729845,
            5.213163929779824e-49,
            -0.6597264306552886,
            0.02145904867770556,
            5.213163929779824e-49,
            -0.5333228036773506,
            -0.008978289527294188,
            5.213163929779824e-49,
            -0.1679294153239409,
            2.934750391447216e-34
          ],
          [
            0.5330969315275759,
            1.4892914313725232,
            -0.10691068517430886,
            1.1020485368575414,
            0.5392109245004858,
            1.2522686246861157,
            -0.024656089077441313,
            0.8422595474860246,
            0.3149876026970904,
            0.6118387068608704,
            0.0,
            0.2644258921074985,
            0.3686678746525533,
            0.410424053368685,
            0.1831788397232862,
            0.3855444739149379,
            0.0,
            0.49042920662802914,
            1.0737694098658257,
            -1.8246073754229385e-48,
            -0.14249049051967405,
            -0.030288451354741553,
            -1.8246073754229385e-48,
            -0.6295320564783272,
            -0.0011461099142589322,
            -1.8246073754229385e-48,
            -0.5087075035854347,
            -6.456450861183875e-33
          ],
          [
            0.14997134759563144,
            -0.10691068517430886,
            0.14196793075632105,
            0.09584065681121096,
            0.03531722893013629,
            -0.02585221695163243,
            0.039067169364771046,
            0.008053312021883998,
            -0.02635966356674458,
            -0.034323064863173755,
            0.0,
            -0.038293608000286104,
            0.062114423763129846,
            -0.034094323900859855,
            -0.042943407826804024,
            0.0157523169481767,
            0.0,
            0.05819897207295891,
            -0.05406877918873491,
            2.997569259623399e-48,
            -0.32813449140582246,
            0.029280746612869585,
            2.997569259623399e-48,
            -0.15982438935321838,
            -0.002132894574269361,
            2.997569259623399e-48,
            0.02784915027284193,
            1.0565101409209978e-32
          ],
          [
            0.733606295044738,
            1.1020485368575414,
            0.09584065681121096,
            1.1906111444354015,
            0.5026464897370735,
            0.9837547396702314,
            0.005392080375674325,
            0.7518188022418201,
            0.19562227670865753,
            0.3781021568305604,
            0.0,
            0.15774084501222127,
            0.3187728441126133,
            0.1329744545680389,
            0.059575233568923226,
            0.20777184716013813,
            0.0,
            0.5103588409164304,
            0.74947992669051,
            -1.0165669663070657e-47,
            -0.7077944769394491,
            0.007960451173831914,
            -1.0165669663070657e-47,
            -0.7088009808926828,
            -0.013699923999406559,
            -1.0165669663070657e-47,
            -0.3432906925264556,
            -3.286920438420882e-32
          ],
          [
            0.31429713286104827,
            0.5392109245004858,
            0.03531722893013629,
            0.5026464897370735,
            0.32648621313604864,
            0.5859243249094328,
            0.030262506356931174,
            0.44078027850596346,
            0.16851795610367964,
            0.33918805214464887,
            0.0,
            0.13128143825642627,
            0.2920644006832408,
            0.2696903915113225,
            0.19345583725729343,
            0.28291359099054364,
            0.0,
            0.2864227671870313,
            0.49543703147068013,
            -5.604151224513312e-48,
            -0.309505207052878,
            0.0048984674397455465,
            -5.604151224513312e-48,
            -0.5528257318998607,
            0.0004836241157803341,
            -5.604151224513312e-48,
            -0.26717572598882683,
            -1.9369352583551626e-32
          ],
          [
            0.534344244187481,
            1.2522686246861157,
            -0.02585221695163243,
            0.9837547396702314,
            0.5859243249094328,
            1.4004092182214547,
            -0.021184139861601108,
            0.8978610507972823,
            0.4129118257926279,
            0.8560584897891507,
            0.0,
            0.32365296945133853,
            0.5013300576931652,
            0.6201033851031006,
            0.38309978681237633,
            0.5424316536866074,
            0.0,
            0.5402533192674907,
            1.2190928026503471,
            -2.8672401613789035e-48,
            -0.3893320588010032,
            -0.009330138711026044,
            -2.8672401613789035e-48,
            -0.7247131461170208,
            -0.009789470463406343,
            -2.8672401613789035e-48,
            -0.6084501446809136,
            -7.923826056907484e-33
          ],
          [
            0.03044348511336502,
            -0.024656089077441313,
            0.039067169364771046,
            0.005392080375674325,
            0.030262506356931174,
            -0.021184139861601108,
            0.03884888033151486,
            0.006027121392924578,
            -0.00695321778089149,
            -0.004914255180763569,
            0.0,
            -0.012209749200203148,
            0.02751791329131522,
            0.010506650575787669,
            0.0163593705084418,
            0.028517405093232823,
            0.0,
            0.019460494987273282,
            -0.012885436231920604,
            -1.0882479703415383e-47,
            -0.05315730688715365,
            0.01047580030043827,
            -1.0882479703415383e-47,
            -0.12631153712774276,
            0.0072279226612119545,
            -1.0882479703415383e-47,
            0.004088683409451044,
            -3.851859888774471e-32
          ],
          [
            0.4290017934583529,
            0.8422595474860246,
            0.008053312021883998,
            0.7518188022418201,
            0.44078027850596346,
            0.8978610507972823,
            0.006027121392924578,
            0.6717316343254606,
            0.2569276259708424,
            0.48614476824651964,
            0.0,
            0.2263705911506693,
            0.3298785886564238,
            0.32059833739254473,
            0.21280290552223513,
            0.31626194267446617,
            0.0,
            0.39825078388423996,
            0.7425447503625662,
            -7.298429501691754e-48,
            -0.3246943468146368,
            -0.0006473360942526496,
            -7.298429501691754e-48,
            -0.6017869514527495,
            -0.007099307990366218,
            -7.298429501691754e-48,
            -0.4006668885705047,
            -2.670622856216967e-32
          ],
          [
            0.09098098770589473,
            0.3149876026970904,
            -0.02635966356674458,
            0.19562227670865753,
            0.16851795610367964,
            0.4129118257926279,
            -0.00695321778089149,
            0.2569276259708424,
            0.17859863651912147,
            0.36365568547248445,
            0.0,
            0.14188755998485567,
            0.19461021220840052,
            0.2711969752340626,
            0.18149541153587384,
            0.23694347397672214,
            0.0,
            0.1526430667175963,
            0.408578341949167,
            -1.3032909824449561e-48,
            -0.044367685054828875,
            -0.0020845942573188576,
            -1.3032909824449561e-48,
            -0.20646833958177296,
            -0.0011738289371646662,
            -1.3032909824449561e-48,
            -0.2425140644939817,
            -4.255388067598463e-33
          ],
          [
            0.1936944504064094,
            0.6118387068608704,
            -0.034323064863173755,
            0.3781021568305604,
            0.33918805214464887,
            0.8560584897891507,
            -0.004914255180763569,
            0.48614476824651964,
            0.36365568547248445,
            0.7919301921499888,
            0.0,
            0.25761429444441786,
            0.433337686217675,
            0.6287896333749375,
            0.4419038595147655,
            0.5384458542431372,
            0.0,
            0.3124788481208817,
            0.8657570477816815,
            -8.210733189403224e-48,
            -0.17618907371380266,
            -0.0019642111854473337,
            -8.210733189403224e-48,
            -0.4578603606381383,
            0.0015204093025847736,
            -8.210733189403224e-48,
            -0.47720049379588997,
            -2.773339119917619e-32
          ],
          [
            0.0,
            0.0,
            0.0,
            0.0,
            0.0,
            0.0,
            0.0,
            0.0,
            0.0,
            0.0,
            1e-06,
            0.0,
            0.0,
            0.0,
            0.0,
            0.0,
            0.0,
            0.0,
            0.0,
            0.0,
